0,1,2
0,3,5
0,6,1
1,2,4
2,0,5
2,1,7
2,3,1
3,3,6
3,6,9
3,8,3
4,5,2
4,8,7
5,5,3
6,2,8
6,3,2
6,8,1
7,0,7
7,1,9
7,6,2
7,7,6
8,2,5
8,5,1
8,7,4
8,8,8

0,0,8
0,1,2
0,2,6
0,3,5
0,4,7
0,5,9
0,6,1
0,7,3
0,8,4
1,0,1
1,1,3
1,2,4
1,3,8
1,4,2
1,5,6
1,6,5
1,7,7
1,8,9
2,0,5
2,1,7
2,2,9
2,3,1
2,4,3
2,5,4
2,6,8
2,7,2
2,8,6
3,0,4
3,1,8
3,2,2
3,3,6
3,4,5
3,5,7
3,6,9
3,7,1
3,8,3
4,0,9
4,1,1
4,2,3
4,3,4
4,4,8
4,5,2
4,6,6
4,7,5
4,8,7
5,0,6
5,1,5
5,2,7
5,3,9
5,4,1
5,5,3
5,6,4
5,7,8
5,8,2
6,0,3
6,1,4
6,2,8
6,3,2
6,4,6
6,5,5
6,6,7
6,7,9
6,8,1
7,0,7
7,1,9
7,2,1
7,3,3
7,4,4
7,5,8
7,6,2
7,7,6
7,8,5
8,0,2
8,1,6
8,2,5
8,3,7
8,4,9
8,5,1
8,6,3
8,7,4
8,8,8

UniqueRule&0,0|0,1|0,2|0,3|0,4|0,5|0,6|0,7|0,8
UniqueRule&1,0|1,1|1,2|1,3|1,4|1,5|1,6|1,7|1,8
UniqueRule&2,0|2,1|2,2|2,3|2,4|2,5|2,6|2,7|2,8
UniqueRule&3,0|3,1|3,2|3,3|3,4|3,5|3,6|3,7|3,8
UniqueRule&4,0|4,1|4,2|4,3|4,4|4,5|4,6|4,7|4,8
UniqueRule&5,0|5,1|5,2|5,3|5,4|5,5|5,6|5,7|5,8
UniqueRule&6,0|6,1|6,2|6,3|6,4|6,5|6,6|6,7|6,8
UniqueRule&7,0|7,1|7,2|7,3|7,4|7,5|7,6|7,7|7,8
UniqueRule&8,0|8,1|8,2|8,3|8,4|8,5|8,6|8,7|8,8
UniqueRule&0,0|1,0|2,0|3,0|4,0|5,0|6,0|7,0|8,0
UniqueRule&0,1|1,1|2,1|3,1|4,1|5,1|6,1|7,1|8,1
UniqueRule&0,2|1,2|2,2|3,2|4,2|5,2|6,2|7,2|8,2
UniqueRule&0,3|1,3|2,3|3,3|4,3|5,3|6,3|7,3|8,3
UniqueRule&0,4|1,4|2,4|3,4|4,4|5,4|6,4|7,4|8,4
UniqueRule&0,5|1,5|2,5|3,5|4,5|5,5|6,5|7,5|8,5
UniqueRule&0,6|1,6|2,6|3,6|4,6|5,6|6,6|7,6|8,6
UniqueRule&0,7|1,7|2,7|3,7|4,7|5,7|6,7|7,7|8,7
UniqueRule&0,8|1,8|2,8|3,8|4,8|5,8|6,8|7,8|8,8
UniqueRule&0,0|0,1|0,2|1,0|1,1|1,2|2,0|2,1|2,2
UniqueRule&0,3|0,4|0,5|1,3|1,4|1,5|2,3|2,4|2,5
UniqueRule&0,6|0,7|0,8|1,6|1,7|1,8|2,6|2,7|2,8
UniqueRule&3,0|3,1|3,2|4,0|4,1|4,2|5,0|5,1|5,2
UniqueRule&3,3|3,4|3,5|4,3|4,4|4,5|5,3|5,4|5,5
UniqueRule&3,6|3,7|3,8|4,6|4,7|4,8|5,6|5,7|5,8
UniqueRule&6,0|6,1|6,2|7,0|7,1|7,2|8,0|8,1|8,2
UniqueRule&6,3|6,4|6,5|7,3|7,4|7,5|8,3|8,4|8,5
UniqueRule&6,6|6,7|6,8|7,6|7,7|7,8|8,6|8,7|8,8
UniqueMainCellRule&2,1|1,2|0,1|1,0|1,1&0,0
UniqueMainCellRule&2,2|2,0|1,3|0,0|0,2|1,0|1,1|1,2&0,1
UniqueMainCellRule&2,3|2,1|1,4|1,0|0,1|0,3|1,1|1,2|1,3&0,2
UniqueMainCellRule&2,4|2,2|1,5|1,1|0,2|0,4|1,2|1,3|1,4&0,3
UniqueMainCellRule&2,5|2,3|1,6|1,2|0,3|0,5|1,3|1,4|1,5&0,4
UniqueMainCellRule&2,6|2,4|1,7|1,3|0,4|0,6|1,4|1,5|1,6&0,5
UniqueMainCellRule&2,7|2,5|1,8|1,4|0,5|0,7|1,5|1,6|1,7&0,6
UniqueMainCellRule&2,8|2,6|1,5|0,6|0,8|1,6|1,7|1,8&0,7
UniqueMainCellRule&2,7|1,6|0,7|1,7|1,8&0,8
UniqueMainCellRule&3,1|2,2|0,2|0,0|0,1|1,1|2,0|2,1&1,0
UniqueMainCellRule&3,2|3,0|2,3|0,3|0,0|0,1|0,2|1,0|1,2|2,0|2,1|2,2&1,1
UniqueMainCellRule&3,3|3,1|2,4|0,4|2,0|0,0|0,1|0,2|0,3|1,1|1,3|2,1|2,2|2,3&1,2
UniqueMainCellRule&3,4|3,2|2,5|0,5|2,1|0,1|0,2|0,3|0,4|1,2|1,4|2,2|2,3|2,4&1,3
UniqueMainCellRule&3,5|3,3|2,6|0,6|2,2|0,2|0,3|0,4|0,5|1,3|1,5|2,3|2,4|2,5&1,4
UniqueMainCellRule&3,6|3,4|2,7|0,7|2,3|0,3|0,4|0,5|0,6|1,4|1,6|2,4|2,5|2,6&1,5
UniqueMainCellRule&3,7|3,5|2,8|0,8|2,4|0,4|0,5|0,6|0,7|1,5|1,7|2,5|2,6|2,7&1,6
UniqueMainCellRule&3,8|3,6|2,5|0,5|0,6|0,7|0,8|1,6|1,8|2,6|2,7|2,8&1,7
UniqueMainCellRule&3,7|2,6|0,6|0,7|0,8|1,7|2,7|2,8&1,8
UniqueMainCellRule&4,1|0,1|3,2|1,2|1,0|1,1|2,1|3,0|3,1&2,0
UniqueMainCellRule&4,2|0,2|4,0|0,0|3,3|1,3|1,0|1,1|1,2|2,0|2,2|3,0|3,1|3,2&2,1
UniqueMainCellRule&4,3|0,3|4,1|0,1|3,4|1,4|3,0|1,0|1,1|1,2|1,3|2,1|2,3|3,1|3,2|3,3&2,2
UniqueMainCellRule&4,4|0,4|4,2|0,2|3,5|1,5|3,1|1,1|1,2|1,3|1,4|2,2|2,4|3,2|3,3|3,4&2,3
UniqueMainCellRule&4,5|0,5|4,3|0,3|3,6|1,6|3,2|1,2|1,3|1,4|1,5|2,3|2,5|3,3|3,4|3,5&2,4
UniqueMainCellRule&4,6|0,6|4,4|0,4|3,7|1,7|3,3|1,3|1,4|1,5|1,6|2,4|2,6|3,4|3,5|3,6&2,5
UniqueMainCellRule&4,7|0,7|4,5|0,5|3,8|1,8|3,4|1,4|1,5|1,6|1,7|2,5|2,7|3,5|3,6|3,7&2,6
UniqueMainCellRule&4,8|0,8|4,6|0,6|3,5|1,5|1,6|1,7|1,8|2,6|2,8|3,6|3,7|3,8&2,7
UniqueMainCellRule&4,7|0,7|3,6|1,6|1,7|1,8|2,7|3,7|3,8&2,8
UniqueMainCellRule&5,1|1,1|4,2|2,2|2,0|2,1|3,1|4,0|4,1&3,0
UniqueMainCellRule&5,2|1,2|5,0|1,0|4,3|2,3|2,0|2,1|2,2|3,0|3,2|4,0|4,1|4,2&3,1
UniqueMainCellRule&5,3|1,3|5,1|1,1|4,4|2,4|4,0|2,0|2,1|2,2|2,3|3,1|3,3|4,1|4,2|4,3&3,2
UniqueMainCellRule&5,4|1,4|5,2|1,2|4,5|2,5|4,1|2,1|2,2|2,3|2,4|3,2|3,4|4,2|4,3|4,4&3,3
UniqueMainCellRule&5,5|1,5|5,3|1,3|4,6|2,6|4,2|2,2|2,3|2,4|2,5|3,3|3,5|4,3|4,4|4,5&3,4
UniqueMainCellRule&5,6|1,6|5,4|1,4|4,7|2,7|4,3|2,3|2,4|2,5|2,6|3,4|3,6|4,4|4,5|4,6&3,5
UniqueMainCellRule&5,7|1,7|5,5|1,5|4,8|2,8|4,4|2,4|2,5|2,6|2,7|3,5|3,7|4,5|4,6|4,7&3,6
UniqueMainCellRule&5,8|1,8|5,6|1,6|4,5|2,5|2,6|2,7|2,8|3,6|3,8|4,6|4,7|4,8&3,7
UniqueMainCellRule&5,7|1,7|4,6|2,6|2,7|2,8|3,7|4,7|4,8&3,8
UniqueMainCellRule&6,1|2,1|5,2|3,2|3,0|3,1|4,1|5,0|5,1&4,0
UniqueMainCellRule&6,2|2,2|6,0|2,0|5,3|3,3|3,0|3,1|3,2|4,0|4,2|5,0|5,1|5,2&4,1
UniqueMainCellRule&6,3|2,3|6,1|2,1|5,4|3,4|5,0|3,0|3,1|3,2|3,3|4,1|4,3|5,1|5,2|5,3&4,2
UniqueMainCellRule&6,4|2,4|6,2|2,2|5,5|3,5|5,1|3,1|3,2|3,3|3,4|4,2|4,4|5,2|5,3|5,4&4,3
UniqueMainCellRule&6,5|2,5|6,3|2,3|5,6|3,6|5,2|3,2|3,3|3,4|3,5|4,3|4,5|5,3|5,4|5,5&4,4
UniqueMainCellRule&6,6|2,6|6,4|2,4|5,7|3,7|5,3|3,3|3,4|3,5|3,6|4,4|4,6|5,4|5,5|5,6&4,5
UniqueMainCellRule&6,7|2,7|6,5|2,5|5,8|3,8|5,4|3,4|3,5|3,6|3,7|4,5|4,7|5,5|5,6|5,7&4,6
UniqueMainCellRule&6,8|2,8|6,6|2,6|5,5|3,5|3,6|3,7|3,8|4,6|4,8|5,6|5,7|5,8&4,7
UniqueMainCellRule&6,7|2,7|5,6|3,6|3,7|3,8|4,7|5,7|5,8&4,8
UniqueMainCellRule&7,1|3,1|6,2|4,2|4,0|4,1|5,1|6,0|6,1&5,0
UniqueMainCellRule&7,2|3,2|7,0|3,0|6,3|4,3|4,0|4,1|4,2|5,0|5,2|6,0|6,1|6,2&5,1
UniqueMainCellRule&7,3|3,3|7,1|3,1|6,4|4,4|6,0|4,0|4,1|4,2|4,3|5,1|5,3|6,1|6,2|6,3&5,2
UniqueMainCellRule&7,4|3,4|7,2|3,2|6,5|4,5|6,1|4,1|4,2|4,3|4,4|5,2|5,4|6,2|6,3|6,4&5,3
UniqueMainCellRule&7,5|3,5|7,3|3,3|6,6|4,6|6,2|4,2|4,3|4,4|4,5|5,3|5,5|6,3|6,4|6,5&5,4
UniqueMainCellRule&7,6|3,6|7,4|3,4|6,7|4,7|6,3|4,3|4,4|4,5|4,6|5,4|5,6|6,4|6,5|6,6&5,5
UniqueMainCellRule&7,7|3,7|7,5|3,5|6,8|4,8|6,4|4,4|4,5|4,6|4,7|5,5|5,7|6,5|6,6|6,7&5,6
UniqueMainCellRule&7,8|3,8|7,6|3,6|6,5|4,5|4,6|4,7|4,8|5,6|5,8|6,6|6,7|6,8&5,7
UniqueMainCellRule&7,7|3,7|6,6|4,6|4,7|4,8|5,7|6,7|6,8&5,8
UniqueMainCellRule&8,1|4,1|7,2|5,2|5,0|5,1|6,1|7,0|7,1&6,0
UniqueMainCellRule&8,2|4,2|8,0|4,0|7,3|5,3|5,0|5,1|5,2|6,0|6,2|7,0|7,1|7,2&6,1
UniqueMainCellRule&8,3|4,3|8,1|4,1|7,4|5,4|7,0|5,0|5,1|5,2|5,3|6,1|6,3|7,1|7,2|7,3&6,2
UniqueMainCellRule&8,4|4,4|8,2|4,2|7,5|5,5|7,1|5,1|5,2|5,3|5,4|6,2|6,4|7,2|7,3|7,4&6,3
UniqueMainCellRule&8,5|4,5|8,3|4,3|7,6|5,6|7,2|5,2|5,3|5,4|5,5|6,3|6,5|7,3|7,4|7,5&6,4
UniqueMainCellRule&8,6|4,6|8,4|4,4|7,7|5,7|7,3|5,3|5,4|5,5|5,6|6,4|6,6|7,4|7,5|7,6&6,5
UniqueMainCellRule&8,7|4,7|8,5|4,5|7,8|5,8|7,4|5,4|5,5|5,6|5,7|6,5|6,7|7,5|7,6|7,7&6,6
UniqueMainCellRule&8,8|4,8|8,6|4,6|7,5|5,5|5,6|5,7|5,8|6,6|6,8|7,6|7,7|7,8&6,7
UniqueMainCellRule&8,7|4,7|7,6|5,6|5,7|5,8|6,7|7,7|7,8&6,8
UniqueMainCellRule&5,1|8,2|6,2|6,0|6,1|7,1|8,0|8,1&7,0
UniqueMainCellRule&5,2|5,0|8,3|6,3|6,0|6,1|6,2|7,0|7,2|8,0|8,1|8,2&7,1
UniqueMainCellRule&5,3|5,1|8,4|6,4|8,0|6,0|6,1|6,2|6,3|7,1|7,3|8,1|8,2|8,3&7,2
UniqueMainCellRule&5,4|5,2|8,5|6,5|8,1|6,1|6,2|6,3|6,4|7,2|7,4|8,2|8,3|8,4&7,3
UniqueMainCellRule&5,5|5,3|8,6|6,6|8,2|6,2|6,3|6,4|6,5|7,3|7,5|8,3|8,4|8,5&7,4
UniqueMainCellRule&5,6|5,4|8,7|6,7|8,3|6,3|6,4|6,5|6,6|7,4|7,6|8,4|8,5|8,6&7,5
UniqueMainCellRule&5,7|5,5|8,8|6,8|8,4|6,4|6,5|6,6|6,7|7,5|7,7|8,5|8,6|8,7&7,6
UniqueMainCellRule&5,8|5,6|8,5|6,5|6,6|6,7|6,8|7,6|7,8|8,6|8,7|8,8&7,7
UniqueMainCellRule&5,7|8,6|6,6|6,7|6,8|7,7|8,7|8,8&7,8
UniqueMainCellRule&6,1|7,2|7,0|7,1|8,1&8,0
UniqueMainCellRule&6,2|6,0|7,3|7,0|7,1|7,2|8,0|8,2&8,1
UniqueMainCellRule&6,3|6,1|7,4|7,0|7,1|7,2|7,3|8,1|8,3&8,2
UniqueMainCellRule&6,4|6,2|7,5|7,1|7,2|7,3|7,4|8,2|8,4&8,3
UniqueMainCellRule&6,5|6,3|7,6|7,2|7,3|7,4|7,5|8,3|8,5&8,4
UniqueMainCellRule&6,6|6,4|7,7|7,3|7,4|7,5|7,6|8,4|8,6&8,5
UniqueMainCellRule&6,7|6,5|7,8|7,4|7,5|7,6|7,7|8,5|8,7&8,6
UniqueMainCellRule&6,8|6,6|7,5|7,6|7,7|7,8|8,6|8,8&8,7
UniqueMainCellRule&6,7|7,6|7,7|7,8|8,7&8,8
